FileVersion:2
Type:Static
Guid:9EBF3240-4180-CED9-77B2-5C83A9048BF9
ParentGuid:00000000-0000-0000-0000-000000000000
Color:(R=0.174209,G=0.713515,B=0.728000,A=1.000000)

